x,y,lon,lat
487866.2383968233,4466511.060646092,116.85712123631443,40.349065674423976
487866.2475772545,4466510.562314487,116.85712135389055,40.34906118497348
487866.2567576856,4466510.063982882,116.85712147146667,40.34905669552297
487866.2659381168,4466509.565651277,116.85712158904278,40.34905220607246
487866.27511854796,4466509.067319672,116.85712170661887,40.34904771662194
487866.28429897915,4466508.568988067,116.85712182419495,40.34904322717143
487866.2934794103,4466508.070656462,116.857121941771,40.3490387377209
487866.3026598415,4466507.572324857,116.85712205934703,40.34903424827038
487866.3118402727,4466507.073993252,116.85712217692307,40.349029758819846
487866.3210207038,4466506.575661647,116.85712229449906,40.34902526936931
487866.330201135,4466506.077330042,116.85712241207506,40.34902077991877
487866.33938156615,4466505.578998437,116.85712252965104,40.349016290468235
487866.34856199735,4466505.080666832,116.85712264722697,40.34901180101769
487866.35774242855,4466504.582335227,116.85712276480292,40.34900731156714
487866.3669228597,4466504.084003622,116.85712288237885,40.34900282211659
487866.3761032909,4466503.585672017,116.85712299995474,40.348998332666035
487866.385283722,4466503.087340412,116.85712311753063,40.348993843215474
487866.3944641532,4466502.589008807,116.85712323510651,40.348989353764914
487866.40364458435,4466502.090677202,116.85712335268235,40.348984864314346
487866.41282501555,4466501.592345597,116.8571234702582,40.34898037486378
487866.42200544674,4466501.094013993,116.85712358783401,40.34897588541321
487866.4311858779,4466500.595682387,116.85712370540983,40.34897139596263
487866.4403663091,4466500.097350783,116.85712382298563,40.34896690651205
487866.4495467402,4466499.599019177,116.8571239405614,40.348962417061465
487866.4587271714,4466499.100687573,116.85712405813716,40.348957927610876
487866.4679076026,4466498.602355967,116.85712417571291,40.34895343816029
487866.47708803375,4466498.104024363,116.85712429328862,40.3489489487097
487866.48626846494,4466497.605692757,116.85712441086434,40.34894445925909
487866.4954488961,4466497.107361153,116.85712452844004,40.348939969808484
487866.5046293273,4466496.609029547,116.8571246460157,40.34893548035788
487866.5138097584,4466496.110697943,116.85712476359137,40.34893099090727
487866.5229901896,4466495.612366337,116.85712488116701,40.34892650145665
487866.5321706208,4466495.114034733,116.85712499874262,40.348922012006035
487866.54135105194,4466494.615703127,116.85712511631824,40.348917522555425
487866.55053148314,4466494.117371523,116.85712523389384,40.34891303310479
487866.5597119143,4466493.619039917,116.85712535146939,40.34890854365416
487866.5688923455,4466493.120708313,116.85712546904496,40.348904054203544
487866.57807277667,4466492.622376708,116.8571255866205,40.34889956475291
487866.5872532078,4466492.124045103,116.85712570419604,40.348895075302266
487866.596433639,4466491.625713498,116.85712582177156,40.34889058585162
487866.60561407014,4466491.127381893,116.85712593934704,40.34888609640097
487866.61479450134,4466490.629050288,116.85712605692254,40.34888160695033
487866.6239749325,4466490.130718683,116.85712617449799,40.34887711749967
487866.63315536367,4466489.632387078,116.85712629207343,40.34887262804902
487866.64233579487,4466489.134055473,116.85712640964887,40.348868138598355
487866.651516226,4466488.635723868,116.85712652722428,40.348863649147695
487866.6606966572,4466488.137392263,116.85712664479966,40.34885915969702
487866.66987708834,4466487.639060658,116.85712676237506,40.34885467024635
487866.67905751953,4466487.140729053,116.85712687995041,40.34885018079567
487866.68823795073,4466486.642397448,116.85712699752575,40.34884569134499
487866.69741838187,4466486.144065843,116.8571271151011,40.3488412018943
487866.70659881306,4466485.645734238,116.8571272326764,40.34883671244363
487866.7157792442,4466485.147402633,116.85712735025169,40.348832222992925
487866.7249596754,4466484.649071028,116.85712746782697,40.348827733542244
487866.73414010654,4466484.150739423,116.85712758540222,40.34882324409155
487866.74332053773,4466483.6524078185,116.8571277029775,40.348818754640845
487866.7525009689,4466483.154076214,116.85712782055272,40.34881426519014
487866.76168140006,4466482.6557446085,116.85712793812793,40.348809775739426
487866.77086183126,4466482.157413004,116.85712805570314,40.34880528628872
487866.7800422624,4466481.6590813985,116.85712817327833,40.348800796838
487866.7892226936,4466481.160749794,116.85712829085348,40.34879630738729
487866.7984031248,4466480.6624181885,116.85712840842864,40.34879181793656
487866.8075835559,4466480.164086584,116.85712852600378,40.34878732848584
487866.8167639871,4466479.665754979,116.85712864357887,40.34878283903511
487866.82594441826,4466479.167423374,116.85712876115399,40.34877834958437
487866.83512484946,4466478.669091769,116.85712887872907,40.348773860133626
487866.8443052806,4466478.170760164,116.85712899630413,40.3487693706829
487866.8534857118,4466477.672428559,116.85712911387918,40.34876488123214
487866.862666143,4466477.174096954,116.85712923145421,40.3487603917814
487866.8718465741,4466476.675765349,116.85712934902922,40.34875590233065
487866.8810270053,4466476.177433744,116.85712946660422,40.3487514128799
487866.89020743646,4466475.679102139,116.8571295841792,40.34874692342913
487866.89938786766,4466475.180770534,116.85712970175418,40.348742433978366
487866.90856829885,4466474.68243893,116.85712981932913,40.3487379445276
487866.91774873,4466474.184107324,116.85712993690406,40.34873345507683
487866.9269291612,4466473.68577572,116.85713005447899,40.348728965626066
487866.9361095923,4466473.187444114,116.8571301720539,40.348724476175285
487866.9452900235,4466472.68911251,116.85713028962877,40.34871998672452
487866.95447045466,4466472.190780904,116.85713040720363,40.348715497273716
487866.96365088585,4466471.6924493,116.85713052477848,40.348711007822935
487866.97283131705,4466471.194117694,116.85713064235333,40.34870651837214
487866.9820117482,4466470.69578609,116.85713075992815,40.34870202892134
487866.9911921794,4466470.197454484,116.85713087750295,40.348697539470535
487867.0003726105,4466469.69912288,116.85713099507774,40.34869305001975
487867.0095530417,4466469.200791274,116.85713111265251,40.34868856056894
487867.0187334729,4466468.70245967,116.85713123022727,40.348684071118136
487867.02791390405,4466468.204128064,116.85713134780198,40.34867958166731
487867.03709433525,4466467.70579646,116.85713146537671,40.348675092216496
487867.0462747664,4466467.207464854,116.85713158295141,40.348670602765665
487867.0554551976,4466466.70913325,116.85713170052611,40.34866611331485
487867.0646356287,4466466.210801644,116.85713181810078,40.34866162386401
487867.0738160599,4466465.71247004,116.85713193567544,40.34865713441319
