x,y,lon,lat
487876.07228922786,4466465.8782429155,116.85723789135622,40.34865875872903
487876.06310879666,4466466.37657452,116.8572377737886,40.348663248179975
487876.0539283655,4466466.8749061255,116.85723765622095,40.34866773763092
487876.0447479343,4466467.37323773,116.85723753865327,40.34867222708186
487876.0355675032,4466467.871569335,116.85723742108559,40.34867671653281
487876.026387072,4466468.36990094,116.85723730351789,40.34868120598374
487876.01720664086,4466468.868232545,116.85723718595018,40.34868569543468
487876.00802620966,4466469.36656415,116.85723706838246,40.34869018488561
487875.99884577846,4466469.864895755,116.85723695081471,40.348694674336535
487875.9896653473,4466470.36322736,116.85723683324693,40.348699163787444
487875.98048491613,4466470.861558965,116.85723671567915,40.348703653238374
487875.971304485,4466471.35989057,116.85723659811137,40.34870814268928
487875.9621240538,4466471.858222175,116.85723648054353,40.348712632140185
487875.9529436226,4466472.35655378,116.85723636297571,40.34871712159109
487875.94376319146,4466472.854885385,116.85723624540788,40.348721611042
487875.93458276027,4466473.35321699,116.85723612784,40.3487261004929
487875.9254023291,4466473.851548595,116.85723601027212,40.348730589943806
487875.91622189793,4466474.3498802,116.85723589270424,40.348735079394686
487875.9070414668,4466474.848211805,116.8572357751363,40.34873956884559
487875.8978610356,4466475.34654341,116.85723565756837,40.34874405829646
487875.8886806044,4466475.844875014,116.85723554000045,40.348748547747334
487875.87950017327,4466476.34320662,116.85723542243248,40.34875303719823
487875.87031974207,4466476.841538224,116.8572353048645,40.3487575266491
487875.86113931093,4466477.33986983,116.8572351872965,40.34876201609997
487875.85195887974,4466477.838201434,116.85723506972849,40.34876650555083
487875.84277844854,4466478.33653304,116.85723495216045,40.3487709950017
487875.8335980174,4466478.834864644,116.85723483459242,40.34877548445256
487875.8244175862,4466479.33319625,116.85723471702435,40.34877997390342
487875.81523715507,4466479.831527854,116.85723459945628,40.34878446335426
487875.8060567239,4466480.32985946,116.8572344818882,40.34878895280512
487875.79687629273,4466480.828191064,116.85723436432008,40.348793442255946
487875.78769586154,4466481.32652267,116.85723424675194,40.34879793170679
487875.77851543034,4466481.824854274,116.85723412918381,40.34880242115763
487875.7693349992,4466482.32318588,116.85723401161566,40.348806910608474
487875.760154568,4466482.821517484,116.85723389404747,40.34881140005929
487875.75097413687,4466483.31984909,116.85723377647928,40.348815889510135
487875.7417937057,4466483.818180694,116.85723365891107,40.34882037896096
487875.7326132745,4466484.316512299,116.85723354134286,40.34882486841177
487875.72343284334,4466484.814843904,116.8572334237746,40.34882935786259
487875.71425241214,4466485.313175509,116.85723330620634,40.34883384731339
487875.705071981,4466485.811507114,116.85723318863808,40.34883833676421
487875.6958915498,4466486.309838719,116.85723307106979,40.348842826215
487875.6867111187,4466486.808170324,116.85723295350147,40.34884731566581
487875.6775306875,4466487.306501929,116.85723283593316,40.3488518051166
487875.6683502563,4466487.804833534,116.85723271836481,40.3488562945674
487875.65916982514,4466488.303165139,116.85723260079645,40.348860784018186
487875.64998939395,4466488.801496744,116.85723248322806,40.34886527346898
487875.6408089628,4466489.299828349,116.85723236565967,40.34886976291976
487875.6316285316,4466489.798159954,116.85723224809128,40.34887425237055
487875.6224481004,4466490.296491559,116.85723213052285,40.348878741821316
487875.6132676693,4466490.794823164,116.8572320129544,40.34888323127208
487875.6040872381,4466491.293154769,116.85723189538597,40.34888772072286
487875.59490680695,4466491.791486374,116.8572317778175,40.34889221017362
487875.58572637575,4466492.289817979,116.857231660249,40.348896699624376
487875.5765459446,4466492.788149584,116.8572315426805,40.348901189075136
487875.5673655134,4466493.286481189,116.85723142511198,40.348905678525895
487875.5581850822,4466493.784812793,116.85723130754343,40.34891016797664
487875.5490046511,4466494.283144399,116.85723118997488,40.348914657427386
487875.5398242199,4466494.781476003,116.8572310724063,40.34891914687813
487875.53064378875,4466495.279807609,116.85723095483773,40.34892363632888
487875.52146335755,4466495.778139213,116.85723083726911,40.34892812577961
487875.51228292636,4466496.276470819,116.8572307197005,40.348932615230346
487875.5031024952,4466496.774802423,116.85723060213185,40.34893710468106
487875.493922064,4466497.273134029,116.8572304845632,40.348941594131794
487875.4847416329,4466497.771465633,116.85723036699453,40.348946083582504
487875.4755612017,4466498.2697972385,116.85723024942584,40.348950573033235
487875.46638077055,4466498.768128843,116.85723013185714,40.348955062483945
487875.45720033936,4466499.2664604485,116.85723001428842,40.348959551934655
487875.44801990816,4466499.764792053,116.85722989671967,40.348964041385365
487875.438839477,4466500.2631236585,116.85722977915093,40.34896853083607
487875.4296590458,4466500.761455263,116.85722966158215,40.34897302028676
487875.4204786147,4466501.2597868685,116.85722954401339,40.348977509737466
487875.4112981835,4466501.758118473,116.85722942644459,40.34898199918814
487875.4021177523,4466502.2564500775,116.85722930887577,40.348986488638836
487875.39293732116,4466502.754781683,116.85722919130693,40.34899097808952
487875.38375688996,4466503.2531132875,116.85722907373807,40.348995467540206
487875.3745764588,4466503.751444893,116.8572289561692,40.348999956990895
487875.3653960276,4466504.2497764975,116.85722883860034,40.34900444644154
487875.3562155965,4466504.748108103,116.85722872103143,40.34900893589223
487875.3470351653,4466505.246439707,116.8572286034625,40.34901342534288
487875.3378547341,4466505.744771313,116.85722848589359,40.349017914793556
487875.32867430296,4466506.243102917,116.85722836832463,40.3490224042442
487875.31949387176,4466506.741434523,116.85722825075565,40.34902689369486
487875.3103134406,4466507.239766127,116.85722813318668,40.34903138314553
487875.30113300943,4466507.738097733,116.85722801561768,40.349035872596154
487875.29195257823,4466508.236429337,116.85722789804866,40.349040362046814
487875.2827721471,4466508.734760943,116.85722778047963,40.34904485149747
487875.2735917159,4466509.233092547,116.85722766291057,40.34904934094809
487875.26441128476,4466509.731424153,116.8572275453415,40.349053830398724
487875.25523085357,4466510.229755757,116.85722742777243,40.34905831984935
487875.24605042243,4466510.728087363,116.85722731020333,40.34906280929999
487875.23686999123,4466511.226418967,116.85722719263423,40.34906729875059
