x,y,lon,lat
487914.2302537188,4466511.944768099,116.8576863367487,40.349074336377825
487914.23943415,4466511.446436495,116.8576864542874,40.34906984692669
487914.2486145811,4466510.948104889,116.85768657182606,40.34906535747554
487914.2577950123,4466510.449773285,116.85768668936471,40.349060868024395
487914.26697544346,4466509.951441679,116.85768680690336,40.34905637857325
487914.27615587466,4466509.453110075,116.85768692444198,40.34905188912211
487914.2853363058,4466508.954778469,116.85768704198057,40.34904739967095
487914.294516737,4466508.456446865,116.85768715951916,40.34904291021979
487914.3036971682,4466507.958115259,116.85768727705774,40.34903842076862
487914.3128775993,4466507.459783655,116.85768739459628,40.349033931317464
487914.3220580305,4466506.961452049,116.85768751213482,40.34902944186629
487914.33123846166,4466506.463120445,116.85768762967334,40.349024952415135
487914.34041889285,4466505.964788839,116.85768774721186,40.34902046296394
487914.34959932405,4466505.466457235,116.85768786475032,40.349015973512756
487914.3587797552,4466504.968125629,116.85768798228881,40.34901148406157
487914.3679601864,4466504.469794025,116.85768809982726,40.34900699461039
487914.3771406175,4466503.971462419,116.85768821736569,40.3490025051592
487914.3863210487,4466503.473130815,116.85768833490411,40.348998015708
487914.39550147986,4466502.974799209,116.85768845244253,40.3489935262568
487914.40468191105,4466502.476467605,116.85768856998092,40.34898903680561
487914.41386234225,4466501.978136,116.85768868751929,40.348984547354405
487914.4230427734,4466501.479804395,116.85768880505765,40.348980057903205
487914.4322232046,4466500.98147279,116.857688922596,40.34897556845199
487914.4414036357,4466500.483141185,116.8576890401343,40.34897107900076
487914.4505840669,4466499.98480958,116.85768915767262,40.348966589549555
487914.4597644981,4466499.486477975,116.8576892752109,40.34896210009832
487914.46894492925,4466498.98814637,116.85768939274917,40.3489576106471
487914.47812536045,4466498.489814765,116.85768951028743,40.34895312119587
487914.4873057916,4466497.99148316,116.85768962782568,40.34894863174463
487914.4964862228,4466497.493151555,116.85768974536391,40.34894414229339
487914.5056666539,4466496.99481995,116.85768986290209,40.348939652842155
487914.5148470851,4466496.496488345,116.85768998044031,40.34893516339091
487914.5240275163,4466495.99815674,116.85769009797848,40.34893067393966
487914.53320794745,4466495.499825135,116.85769021551663,40.348926184488406
487914.54238837864,4466495.00149353,116.85769033305478,40.34892169503715
487914.5515688098,4466494.503161925,116.85769045059291,40.348917205585884
487914.560749241,4466494.00483032,116.85769056813102,40.34891271613463
487914.5699296722,4466493.506498716,116.8576906856691,40.348908226683356
487914.5791101033,4466493.00816711,116.85769080320719,40.348903737232085
487914.5882905345,4466492.509835506,116.85769092074524,40.34889924778082
487914.59747096564,4466492.0115039,116.85769103828328,40.34889475832953
487914.60665139684,4466491.513172296,116.85769115582131,40.34889026887826
487914.615831828,4466491.01484069,116.85769127335932,40.348885779426965
487914.6250122592,4466490.516509086,116.8576913908973,40.34888128997569
487914.63419269037,4466490.01817748,116.8576915084353,40.34887680052438
487914.6433731215,4466489.519845876,116.85769162597325,40.34887231107309
487914.6525535527,4466489.02151427,116.85769174351121,40.348867821621795
487914.66173398384,4466488.523182666,116.85769186104912,40.34886333217048
487914.67091441504,4466488.0248510605,116.85769197858704,40.348858842719174
487914.68009484623,4466487.526519456,116.85769209612494,40.34885435326788
487914.6892752774,4466487.0281878505,116.85769221366282,40.348849863816554
487914.69845570857,4466486.529856246,116.85769233120067,40.34884537436524
487914.7076361397,4466486.0315246405,116.85769244873852,40.34884088491392
487914.7168165709,4466485.533193036,116.85769256627636,40.34883639546259
487914.72599700204,4466485.0348614305,116.85769268381416,40.348831906011256
487914.73517743323,4466484.536529826,116.85769280135196,40.348827416559935
487914.74435786443,4466484.0381982215,116.85769291888974,40.3488229271086
487914.75353829557,4466483.539866616,116.8576930364275,40.34881843765725
487914.76271872676,4466483.0415350115,116.85769315396526,40.348813948205915
487914.7718991579,4466482.543203406,116.85769327150298,40.34880945875456
487914.7810795891,4466482.0448718015,116.85769338904069,40.34880496930322
487914.7902600203,4466481.546540196,116.85769350657839,40.34880047985186
487914.79944045143,4466481.0482085915,116.85769362411607,40.348795990400504
487914.8086208826,4466480.549876986,116.85769374165375,40.34879150094914
487914.81780131377,4466480.051545382,116.8576938591914,40.34878701149778
487914.82698174496,4466479.553213776,116.85769397672902,40.34878252204639
487914.8361621761,4466479.054882172,116.85769409426663,40.34877803259503
487914.8453426073,4466478.556550566,116.85769421180423,40.34877354314366
487914.8545230385,4466478.058218962,116.85769432934181,40.34876905369227
487914.86370346963,4466477.559887356,116.85769444687938,40.34876456424088
487914.8728839008,4466477.061555752,116.85769456441693,40.34876007478951
487914.88206433196,4466476.563224146,116.85769468195446,40.34875558533812
487914.89124476316,4466476.064892542,116.85769479949198,40.348751095886726
487914.90042519436,4466475.566560937,116.85769491702949,40.34874660643533
487914.9096056255,4466475.068229332,116.85769503456696,40.348742116983914
487914.9187860567,4466474.569897727,116.85769515210443,40.34873762753252
487914.9279664878,4466474.071566122,116.85769526964188,40.34873313808111
487914.937146919,4466473.573234517,116.85769538717933,40.34872864862969
487914.94632735016,4466473.074902912,116.85769550471673,40.348724159178275
487914.95550778136,4466472.576571307,116.85769562225413,40.348719669726854
487914.96468821255,4466472.078239702,116.85769573979152,40.34871518027543
487914.9738686437,4466471.579908097,116.85769585732889,40.34871069082401
487914.9830490749,4466471.081576492,116.85769597486625,40.34870620137257
487914.992229506,4466470.583244887,116.85769609240357,40.34870171192114
487915.0014099372,4466470.084913282,116.8576962099409,40.348697222469696
487915.0105903684,4466469.586581677,116.85769632747821,40.348692733018254
487915.01977079955,4466469.088250072,116.85769644501548,40.34868824356681
487915.02895123075,4466468.589918467,116.85769656255276,40.34868375411536
487915.0381316619,4466468.091586862,116.85769668009,40.34867926466391
487915.0473120931,4466467.593255257,116.85769679762724,40.34867477521245
487915.0564925242,4466467.094923652,116.85769691516447,40.34867028576099
487915.0656729554,4466466.596592047,116.85769703270168,40.34866579630954
