x,y,lon,lat
487903.0677087315,4466466.375561546,116.8575557584308,40.348663631094254
487903.0585283003,4466466.87389315,116.85755564088424,40.348668120545554
487903.0493478692,4466467.372224756,116.85755552333767,40.34867260999686
487903.040167438,4466467.87055636,116.85755540579105,40.34867709944816
487903.03098700684,4466468.368887966,116.85755528824444,40.34868158889946
487903.02180657565,4466468.86721957,116.85755517069781,40.348686078350745
487903.0126261445,4466469.365551176,116.85755505315115,40.348690567802045
487903.0034457133,4466469.86388278,116.85755493560448,40.348695057253316
487902.9942652821,4466470.3622143855,116.8575548180578,40.348699546704594
487902.985084851,4466470.86054599,116.85755470051112,40.34870403615587
487902.9759044198,4466471.3588775955,116.85755458296438,40.34870852560715
487902.96672398865,4466471.8572092,116.85755446541768,40.34871301505842
487902.95754355745,4466472.3555408055,116.8575543478709,40.34871750450969
487902.94836312626,4466472.85387241,116.85755423032414,40.34872199396095
487902.9391826951,4466473.3522040155,116.85755411277736,40.34872648341221
487902.9300022639,4466473.85053562,116.85755399523057,40.34873097286346
487902.9208218328,4466474.348867225,116.85755387768376,40.348735462314714
487902.9116414016,4466474.84719883,116.85755376013692,40.348739951765964
487902.90246097045,4466475.345530435,116.85755364259009,40.348744441217214
487902.89328053925,4466475.84386204,116.85755352504322,40.348748930668435
487902.88410010806,4466476.3421936445,116.85755340749633,40.34875342011967
487902.8749196769,4466476.84052525,116.85755328994944,40.348757909570914
487902.8657392457,4466477.3388568545,116.85755317240253,40.348762399022135
487902.8565588146,4466477.83718846,116.85755305485561,40.34876688847337
487902.8473783834,4466478.335520064,116.85755293730865,40.348771377924585
487902.8381979522,4466478.83385167,116.85755281976168,40.34877586737581
487902.82901752106,4466479.332183274,116.85755270221472,40.348780356827014
487902.81983708986,4466479.83051488,116.85755258466773,40.34878484627823
487902.8106566587,4466480.328846484,116.85755246712071,40.348789335729435
487902.8014762275,4466480.82717809,116.8575523495737,40.348793825180636
487902.7922957964,4466481.325509694,116.85755223202662,40.34879831463184
487902.7831153652,4466481.8238413,116.85755211447959,40.34880280408305
487902.773934934,4466482.322172904,116.85755199693249,40.34880729353423
487902.76475450286,4466482.82050451,116.8575518793854,40.34881178298543
487902.75557407166,4466483.318836114,116.85755176183831,40.34881627243661
487902.7463936405,4466483.81716772,116.85755164429116,40.348820761887794
487902.73721320933,4466484.315499324,116.85755152674402,40.348825251338965
487902.72803277813,4466484.813830929,116.85755140919687,40.34882974079014
487902.718852347,4466485.312162534,116.85755129164968,40.34883423024131
487902.7096719158,4466485.810494139,116.85755117410248,40.34883871969248
487902.70049148466,4466486.308825744,116.8575510565553,40.34884320914365
487902.69131105347,4466486.807157349,116.85755093900808,40.348847698594795
487902.6821306223,4466487.305488954,116.85755082146083,40.34885218804597
487902.67295019113,4466487.803820559,116.85755070391356,40.34885667749711
487902.66376975994,4466488.302152164,116.85755058636629,40.34886116694826
487902.6545893288,4466488.800483769,116.85755046881899,40.34886565639941
487902.6454088976,4466489.298815374,116.8575503512717,40.348870145850555
487902.63622846646,4466489.797146979,116.85755023372437,40.348874635301684
487902.62704803527,4466490.295478584,116.85755011617702,40.348879124752834
487902.6178676041,4466490.793810189,116.85754999862968,40.34888361420394
487902.60868717293,4466491.292141794,116.8575498810823,40.34888810365509
487902.59950674174,4466491.790473399,116.8575497635349,40.3488925931062
487902.5903263106,4466492.288805004,116.85754964598752,40.34889708255733
487902.5811458794,4466492.787136609,116.85754952844009,40.34890157200845
487902.57196544827,4466493.285468214,116.85754941089264,40.34890606145955
487902.5627850171,4466493.783799819,116.85754929334519,40.34891055091066
487902.5536045859,4466494.282131423,116.85754917579771,40.34891504036176
487902.54442415474,4466494.780463029,116.85754905825021,40.34891952981287
487902.53524372354,4466495.278794633,116.85754894070271,40.34892401926397
487902.5260632924,4466495.777126239,116.8575488231552,40.34892850871506
487902.5168828612,4466496.275457843,116.85754870560767,40.34893299816616
487902.50770243,4466496.773789449,116.85754858806011,40.34893748761725
487902.4985219989,4466497.272121053,116.85754847051254,40.34894197706833
487902.4893415677,4466497.770452659,116.85754835296494,40.348946466519415
487902.48016113654,4466498.268784263,116.85754823541734,40.34895095597049
487902.47098070534,4466498.767115869,116.85754811786974,40.34895544542155
487902.4618002742,4466499.265447473,116.85754800032208,40.348959934872624
487902.452619843,4466499.763779079,116.85754788277443,40.34896442432369
487902.4434394118,4466500.262110683,116.85754776522678,40.34896891377476
487902.4342589807,4466500.760442289,116.85754764767907,40.34897340322581
487902.4250785495,4466501.258773893,116.85754753013137,40.348977892676864
487902.41589811834,4466501.757105499,116.85754741258367,40.34898238212792
487902.40671768715,4466502.255437103,116.85754729503591,40.348986871578965
487902.39753725595,4466502.753768708,116.85754717748816,40.348991361029995
487902.3883568248,4466503.252100313,116.8575470599404,40.348995850481046
487902.3791763936,4466503.750431918,116.85754694239263,40.34900033993208
487902.3699959625,4466504.248763523,116.85754682484482,40.34900482938311
487902.3608155313,4466504.747095128,116.85754670729699,40.34900931883414
487902.35163510015,4466505.245426733,116.85754658974916,40.34901380828517
487902.34245466895,4466505.743758338,116.8575464722013,40.34901829773619
487902.33327423775,4466506.242089943,116.85754635465345,40.34902278718722
487902.3240938066,4466506.740421548,116.85754623710557,40.34902727663822
487902.3149133754,4466507.238753153,116.85754611955765,40.34903176608924
487902.3057329443,4466507.737084758,116.85754600200976,40.34903625554024
487902.2965525131,4466508.235416363,116.85754588446183,40.34904074499125
487902.2873720819,4466508.7337479675,116.85754576691386,40.349045234442244
487902.27819165075,4466509.232079573,116.8575456493659,40.34904972389324
487902.26901121956,4466509.7304111775,116.85754553181792,40.34905421334424
487902.2598307884,4466510.228742783,116.85754541426992,40.34905870279523
487902.2506503572,4466510.7270743875,116.85754529672191,40.34906319224621
487902.2414699261,4466511.225405993,116.85754517917387,40.3490676816972
487902.2322894949,4466511.723737597,116.85754506162581,40.34907217114817
