x,y,lon,lat
487920.2292358307,4466512.05528335,116.85775697431373,40.34907541892794
487920.2384162619,4466511.556951745,116.85775709184772,40.349070929476724
487920.24759669305,4466511.05862014,116.85775720938172,40.3490664400255
487920.25677712425,4466510.560288535,116.8577573269157,40.34906195057428
487920.2659575554,4466510.06195693,116.85775744444963,40.34905746112305
487920.2751379866,4466509.563625325,116.85775756198358,40.34905297167184
487920.2843184177,4466509.06529372,116.85775767951752,40.349048482220596
487920.2934988489,4466508.5669621155,116.8577577970514,40.34904399276936
487920.3026792801,4466508.06863051,116.8577579145853,40.34903950331812
487920.31185971125,4466507.5702989055,116.85775803211918,40.34903501386686
487920.32104014244,4466507.0719673,116.85775814965304,40.349030524415625
487920.3302205736,4466506.5736356955,116.85775826718687,40.349026034964375
487920.3394010048,4466506.07530409,116.85775838472068,40.34902154551312
487920.348581436,4466505.5769724855,116.8577585022545,40.34901705606187
487920.3577618671,4466505.07864088,116.85775861978827,40.34901256661059
487920.3669422983,4466504.580309276,116.85775873732206,40.34900807715934
487920.37612272945,4466504.08197767,116.85775885485582,40.349003587708054
487920.38530316064,4466503.583646066,116.85775897238956,40.3489990982568
487920.3944835918,4466503.08531446,116.85775908992329,40.348994608805505
487920.403664023,4466502.586982856,116.857759207457,40.34899011935423
487920.4128444542,4466502.088651251,116.85775932499068,40.34898562990295
487920.4220248853,4466501.590319646,116.85775944252437,40.348981140451656
487920.4312053165,4466501.091988041,116.85775956005803,40.34897665100038
487920.44038574764,4466500.593656436,116.85775967759166,40.34897216154907
487920.44956617884,4466500.095324831,116.85775979512529,40.34896767209778
487920.45874661003,4466499.596993226,116.85775991265889,40.34896318264647
487920.4679270412,4466499.098661621,116.85776003019248,40.34895869319517
487920.47710747237,4466498.600330016,116.85776014772605,40.34895420374385
487920.4862879035,4466498.101998411,116.85776026525961,40.34894971429256
487920.4954683347,4466497.603666806,116.85776038279315,40.348945224841216
487920.50464876584,4466497.105335201,116.85776050032668,40.3489407353899
487920.51382919704,4466496.607003596,116.85776061786021,40.348936245938575
487920.52300962823,4466496.108671991,116.85776073539368,40.348931756487254
487920.53219005937,4466495.610340386,116.85776085292717,40.34892726703592
487920.54137049057,4466495.112008781,116.85776097046062,40.34892277758459
487920.5505509217,4466494.613677176,116.85776108799408,40.348918288133255
487920.5597313529,4466494.115345571,116.85776120552751,40.348913798681906
487920.5689117841,4466493.617013967,116.85776132306091,40.34890930923057
487920.57809221523,4466493.118682361,116.85776144059432,40.348904819779214
487920.58727264643,4466492.620350757,116.85776155812769,40.34890033032786
487920.59645307757,4466492.122019151,116.85776167566104,40.3488958408765
487920.60563350876,4466491.623687547,116.8577617931944,40.34889135142514
487920.6148139399,4466491.125355941,116.85776191072772,40.348886861973774
487920.6239943711,4466490.627024337,116.85776202826102,40.348882372522404
487920.6331748023,4466490.128692731,116.85776214579433,40.34887788307103
487920.64235523343,4466489.630361127,116.8577622633276,40.348873393619655
487920.6515356646,4466489.132029521,116.85776238086088,40.34886890416828
487920.66071609576,4466488.633697917,116.85776249839412,40.34886441471691
487920.66989652696,4466488.135366311,116.85776261592736,40.348859925265515
487920.67907695816,4466487.637034707,116.85776273346055,40.34885543581412
487920.6882573893,4466487.138703101,116.85776285099375,40.34885094636274
487920.6974378205,4466486.640371497,116.85776296852696,40.348846456911325
487920.7066182516,4466486.142039891,116.8577630860601,40.34884196745993
487920.7157986828,4466485.643708287,116.85776320359325,40.34883747800852
487920.72497911396,4466485.145376681,116.85776332112637,40.348832988557106
487920.73415954516,4466484.647045077,116.8577634386595,40.348828499105714
487920.74333997635,4466484.148713472,116.8577635561926,40.348824009654294
487920.7525204075,4466483.650381867,116.85776367372567,40.348819520202866
487920.7617008387,4466483.152050262,116.85776379125875,40.34881503075146
487920.7708812698,4466482.653718657,116.8577639087918,40.348810541300026
487920.780061701,4466482.155387052,116.85776402632483,40.348806051848605
487920.7892421322,4466481.657055447,116.85776414385786,40.348801562397156
487920.79842256336,4466481.158723842,116.85776426139086,40.348797072945736
487920.80760299455,4466480.660392237,116.85776437892383,40.34879258349428
487920.8167834257,4466480.162060632,116.8577644964568,40.34878809404284
487920.8259638569,4466479.663729027,116.85776461398974,40.34878360459139
487920.835144288,4466479.165397422,116.85776473152269,40.34877911513994
487920.8443247192,4466478.667065817,116.85776484905561,40.3487746256885
487920.8535051504,4466478.168734212,116.8577649665885,40.34877013623703
487920.86268558155,4466477.670402607,116.8577650841214,40.34876564678556
487920.87186601275,4466477.172071002,116.85776520165426,40.348761157334096
487920.8810464439,4466476.673739397,116.85776531918711,40.348756667882625
487920.8902268751,4466476.175407792,116.85776543671996,40.348752178431155
487920.8994073063,4466475.677076188,116.85776555425277,40.348747688979685
487920.9085877374,4466475.178744582,116.85776567178556,40.3487431995282
487920.9177681686,4466474.680412978,116.85776578931836,40.34873871007672
487920.92694859975,4466474.1820813725,116.85776590685113,40.348734220625225
487920.93612903095,4466473.683749768,116.85776602438386,40.348729731173734
487920.9453094621,4466473.1854181625,116.85776614191661,40.348725241722235
487920.9544898933,4466472.687086558,116.85776625944932,40.34872075227074
487920.9636703245,4466472.1887549525,116.85776637698204,40.34871626281923
487920.9728507556,4466471.690423348,116.8577664945147,40.34871177336773
487920.9820311868,4466471.1920917425,116.8577666120474,40.34870728391622
487920.99121161795,4466470.693760138,116.85776672958004,40.348702794464714
487921.00039204914,4466470.195428533,116.85776684711267,40.34869830501319
487921.00957248034,4466469.697096928,116.8577669646453,40.348693815561674
487921.0187529115,4466469.198765323,116.8577670821779,40.34868932611014
487921.0279333427,4466468.700433718,116.8577671997105,40.34868483665862
487921.0371137738,4466468.202102113,116.85776731724306,40.348680347207086
487921.046294205,4466467.703770508,116.85776743477562,40.34867585775554
487921.05547463614,4466467.205438903,116.85776755230816,40.34867136830401
487921.06465506734,4466466.707107298,116.85776766984067,40.34866687885247
