x,y,lon,lat
487860.23941471137,4466510.950130841,116.85705059877087,40.34906459148564
487860.24859514256,4466510.451799236,116.8570507163517,40.34906010203523
487860.2577755737,4466509.953467631,116.85705083393248,40.34905561258479
487860.2669560049,4466509.455136026,116.85705095151329,40.34905112313436
487860.27613643603,4466508.956804421,116.85705106909404,40.34904663368392
487860.28531686723,4466508.458472816,116.8570511866748,40.34904214423348
487860.29449729837,4466507.960141211,116.85705130425552,40.34903765478305
487860.30367772956,4466507.461809606,116.85705142183626,40.34903316533259
487860.31285816076,4466506.963478001,116.85705153941696,40.349028675882145
487860.3220385919,4466506.465146396,116.85705165699764,40.349024186431684
487860.3312190231,4466505.966814791,116.85705177457832,40.34901969698122
487860.34039945423,4466505.468483186,116.85705189215898,40.349015207530776
487860.3495798854,4466504.970151581,116.8570520097396,40.349010718080294
487860.3587603166,4466504.471819976,116.85705212732023,40.349006228629825
487860.36794074776,4466503.973488371,116.85705224490083,40.34900173917936
487860.37712117896,4466503.475156766,116.85705236248141,40.348997249728875
487860.3863016101,4466502.976825161,116.857052480062,40.34899276027839
487860.3954820413,4466502.478493556,116.85705259764254,40.348988270827924
487860.4046624724,4466501.980161951,116.85705271522306,40.34898378137743
487860.4138429036,4466501.481830346,116.85705283280359,40.34897929192696
487860.4230233348,4466500.983498742,116.85705295038409,40.34897480247645
487860.43220376596,4466500.485167136,116.8570530679646,40.348970313025944
487860.44138419715,4466499.986835532,116.85705318554507,40.34896582357545
487860.4505646283,4466499.488503926,116.85705330312553,40.34896133412494
487860.4597450595,4466498.990172322,116.85705342070597,40.34895684467444
487860.4689254907,4466498.491840716,116.8570535382864,40.34895235522392
487860.4781059218,4466497.993509112,116.85705365586679,40.34894786577341
487860.487286353,4466497.4951775065,116.85705377344716,40.348943376322886
487860.49646678416,4466496.996845902,116.85705389102755,40.34893888687237
487860.50564721535,4466496.4985142965,116.85705400860792,40.348934397421836
487860.5148276465,4466496.000182692,116.85705412618825,40.34892990797131
487860.5240080777,4466495.5018510865,116.85705424376856,40.34892541852076
487860.5331885089,4466495.003519482,116.85705436134889,40.348920929070225
487860.54236894,4466494.5051878765,116.85705447892919,40.348916439619686
487860.5515493712,4466494.006856272,116.85705459650946,40.348911950169146
487860.56072980235,4466493.508524667,116.8570547140897,40.348907460718586
487860.56991023355,4466493.010193062,116.85705483166996,40.348902971268046
487860.57909066475,4466492.5118614575,116.85705494925017,40.34889848181749
487860.5882710959,4466492.013529852,116.8570550668304,40.348893992366925
487860.5974515271,4466491.5151982475,116.85705518441058,40.34888950291637
487860.6066319582,4466491.016866642,116.85705530199075,40.3488850134658
487860.6158123894,4466490.5185350375,116.8570554195709,40.348880524015236
487860.62499282055,4466490.020203432,116.85705553715104,40.34887603456465
487860.63417325175,4466489.521871828,116.8570556547312,40.34887154511407
487860.64335368294,4466489.023540222,116.85705577231128,40.34886705566349
487860.6525341141,4466488.525208618,116.85705588989138,40.3488625662129
487860.6617145453,4466488.026877012,116.85705600747146,40.34885807676231
487860.6708949764,4466487.528545408,116.85705612505151,40.34885358731173
487860.6800754076,4466487.030213802,116.85705624263156,40.34884909786112
487860.6892558388,4466486.531882198,116.8570563602116,40.34884460841053
487860.69843626994,4466486.033550592,116.8570564777916,40.34884011895993
487860.70761670114,4466485.535218988,116.85705659537159,40.348835629509324
487860.7167971323,4466485.036887382,116.85705671295158,40.3488311400587
487860.7259775635,4466484.538555778,116.85705683053155,40.348826650608096
487860.7351579946,4466484.040224172,116.85705694811149,40.34882216115747
487860.7443384258,4466483.541892568,116.85705706569141,40.34881767170685
487860.753518857,4466483.043560963,116.85705718327132,40.34881318225623
487860.76269928814,4466482.545229358,116.85705730085121,40.34880869280559
487860.77187971934,4466482.046897753,116.8570574184311,40.34880420335497
487860.7810601505,4466481.548566148,116.85705753601097,40.348799713904334
487860.7902405817,4466481.050234543,116.8570576535908,40.34879522445369
487860.79942101287,4466480.551902938,116.85705777117064,40.34879073500305
487860.808601444,4466480.053571333,116.85705788875046,40.348786245552404
487860.8177818752,4466479.555239728,116.85705800633025,40.348781756101744
487860.82696230634,4466479.056908123,116.85705812391004,40.34877726665109
487860.83614273753,4466478.558576518,116.8570582414898,40.34877277720043
487860.8453231687,4466478.060244913,116.85705835906954,40.34876828774977
487860.85450359987,4466477.561913308,116.85705847664927,40.3487637982991
487860.86368403106,4466477.063581703,116.85705859422899,40.34875930884843
487860.8728644622,4466476.565250098,116.8570587118087,40.34875481939777
487860.8820448934,4466476.066918493,116.85705882938836,40.348750329947094
487860.89122532454,4466475.568586888,116.85705894696805,40.348745840496406
487860.90040575573,4466475.070255283,116.85705906454768,40.34874135104572
487860.9095861869,4466474.571923679,116.85705918212732,40.34873686159504
487860.91876661807,4466474.073592073,116.85705929970693,40.34873237214435
487860.92794704926,4466473.575260469,116.85705941728655,40.34872788269365
487860.9371274804,4466473.076928863,116.85705953486612,40.348723393242956
487860.9463079116,4466472.578597259,116.85705965244568,40.34871890379225
487860.95548834273,4466472.080265653,116.85705977002524,40.348714414341536
487860.96466877393,4466471.581934049,116.85705988760478,40.34870992489084
487860.9738492051,4466471.083602443,116.8570600051843,40.34870543544012
487860.98302963626,4466470.585270839,116.8570601227638,40.348700945989414
487860.99221006746,4466470.086939233,116.85706024034329,40.34869645653869
487861.0013904986,4466469.588607629,116.85706035792273,40.348691967087966
487861.0105709298,4466469.090276023,116.8570604755022,40.348687477637235
487861.019751361,4466468.591944419,116.85706059308163,40.3486829881865
487861.0289317921,4466468.093612813,116.85706071066103,40.348678498735765
487861.0381122233,4466467.595281209,116.85706082824045,40.348674009285034
487861.04729265446,4466467.096949603,116.85706094581982,40.34866951983429
487861.05647308566,4466466.598617999,116.85706106339921,40.34866503038355
487861.0656535168,4466466.100286393,116.85706118097856,40.3486605409328
487861.074833948,4466465.601954789,116.8570612985579,40.348656051482045
