x,y,lon,lat
488015.146,4466532.41,116.85887426302664,40.34926016835118
488015.146,4466531.910374813,116.85887427240884,40.349255667112764
488015.146,4466531.410749625,116.85887428179102,40.34925116587435
488015.146,4466530.911124438,116.8588742911732,40.34924666463594
488015.146,4466530.411499251,116.85887430055539,40.34924216339751
488015.146,4466529.911874063,116.85887430993756,40.349237662159084
488015.146,4466529.412248876,116.85887431931974,40.349233160920654
488015.146,4466528.912623689,116.85887432870192,40.34922865968222
488015.146,4466528.412998501,116.85887433808406,40.349224158443796
488015.146,4466527.913373314,116.85887434746624,40.349219657205346
488015.146,4466527.4137481265,116.85887435684842,40.34921515596691
488015.146,4466526.914122939,116.85887436623058,40.34921065472846
488015.146,4466526.414497751,116.85887437561273,40.34920615349
488015.146,4466525.914872563,116.8588743849949,40.34920165225154
488015.146,4466525.415247376,116.85887439437705,40.34919715101308
488015.146,4466524.915622189,116.85887440375922,40.34919264977463
488015.146,4466524.415997001,116.85887441314136,40.349188148536165
488015.146,4466523.916371814,116.85887442252351,40.34918364729769
488015.146,4466523.416746627,116.85887443190568,40.34917914605922
488015.146,4466522.917121439,116.85887444128782,40.34917464482075
488015.146,4466522.417496252,116.85887445066994,40.34917014358228
488015.146,4466521.9178710645,116.8588744600521,40.3491656423438
488015.146,4466521.418245877,116.85887446943426,40.349161141105306
488015.146,4466520.91862069,116.85887447881639,40.34915663986681
488015.146,4466520.418995502,116.85887448819851,40.34915213862832
488015.146,4466519.919370315,116.85887449758066,40.34914763738983
488015.146,4466519.419745128,116.85887450696279,40.349143136151326
488015.146,4466518.92011994,116.85887451634493,40.349138634912826
488015.146,4466518.420494753,116.85887452572705,40.34913413367432
488015.146,4466517.920869566,116.85887453510918,40.349129632435805
488015.146,4466517.421244378,116.8588745444913,40.34912513119728
488015.146,4466516.921619191,116.85887455387343,40.349120629958776
488015.146,4466516.4219940035,116.85887456325553,40.349116128720254
488015.146,4466515.922368816,116.85887457263766,40.34911162748172
488015.146,4466515.422743629,116.85887458201978,40.349107126243204
488015.146,4466514.923118441,116.85887459140189,40.349102625004676
488015.146,4466514.423493253,116.85887460078399,40.34909812376613
488015.146,4466513.923868066,116.85887461016611,40.34909362252758
488015.146,4466513.424242878,116.85887461954822,40.34908912128905
488015.146,4466512.924617691,116.85887462893032,40.34908462005051
488015.146,4466512.424992504,116.85887463831243,40.349080118811955
488015.146,4466511.925367316,116.85887464769452,40.3490756175734
488015.146,4466511.425742129,116.85887465707663,40.34907111633485
488015.146,4466510.9261169415,116.85887466645873,40.349066615096284
488015.146,4466510.426491754,116.85887467584084,40.34906211385771
488015.146,4466509.926866567,116.8588746852229,40.349057612619156
488015.146,4466509.427241379,116.858874694605,40.34905311138059
488015.146,4466508.927616192,116.85887470398708,40.34904861014202
488015.146,4466508.427991005,116.85887471336919,40.34904410890344
488015.146,4466507.928365817,116.85887472275127,40.349039607664864
488015.146,4466507.42874063,116.85887473213334,40.34903510642628
488015.146,4466506.929115443,116.85887474151542,40.349030605187686
488015.146,4466506.429490255,116.8588747508975,40.349026103949086
488015.146,4466505.929865068,116.85887476027958,40.349021602710515
488015.146,4466505.43023988,116.85887476966165,40.3490171014719
488015.146,4466504.930614693,116.85887477904373,40.3490126002333
488015.146,4466504.430989506,116.8588747884258,40.3490080989947
488015.146,4466503.931364318,116.85887479780786,40.34900359775609
488015.146,4466503.431739131,116.85887480718993,40.34899909651748
488015.146,4466502.932113944,116.85887481657198,40.34899459527887
488015.146,4466502.432488755,116.85887482595406,40.348990094040225
488015.146,4466501.932863568,116.85887483533611,40.34898559280162
488015.146,4466501.433238381,116.85887484471816,40.34898109156298
488015.146,4466500.933613193,116.85887485410021,40.34897659032436
488015.146,4466500.433988006,116.85887486348226,40.34897208908573
488015.146,4466499.9343628185,116.8588748728643,40.348967587847085
488015.146,4466499.434737631,116.85887488224637,40.34896308660844
488015.146,4466498.935112444,116.85887489162842,40.3489585853698
488015.146,4466498.435487256,116.85887490101047,40.34895408413116
488015.146,4466497.935862069,116.85887491039249,40.348949582892494
488015.146,4466497.436236882,116.85887491977454,40.34894508165385
488015.146,4466496.936611694,116.85887492915657,40.34894058041519
488015.146,4466496.436986507,116.85887493853862,40.348936079176525
488015.146,4466495.93736132,116.85887494792064,40.34893157793787
488015.146,4466495.437736132,116.85887495730267,40.34892707669919
488015.146,4466494.938110945,116.8588749666847,40.348922575460534
488015.146,4466494.438485757,116.85887497606674,40.34891807422185
488015.146,4466493.93886057,116.85887498544875,40.34891357298317
488015.146,4466493.439235383,116.85887499483077,40.348909071744494
488015.146,4466492.939610195,116.85887500421279,40.34890457050581
488015.146,4466492.439985008,116.85887501359483,40.34890006926712
488015.146,4466491.940359821,116.85887502297685,40.34889556802843
488015.146,4466491.440734633,116.85887503235885,40.348891066789726
488015.146,4466490.941109446,116.85887504174087,40.34888656555102
488015.146,4466490.441484258,116.85887505112288,40.348882064312306
488015.146,4466489.94185907,116.85887506050487,40.34887756307361
488015.146,4466489.442233883,116.85887506988688,40.3488730618349
488015.146,4466488.9426086955,116.8588750792689,40.34886856059617
488015.146,4466488.442983508,116.8588750886509,40.34886405935747
488015.146,4466487.943358321,116.8588750980329,40.34885955811875
488015.146,4466487.443733133,116.8588751074149,40.34885505688001
488015.146,4466486.944107946,116.85887511679688,40.34885055564129
488015.146,4466486.444482759,116.85887512617887,40.348846054402564
488015.146,4466485.944857571,116.85887513556088,40.34884155316382
488015.146,4466485.445232384,116.85887514494286,40.34883705192508
488015.146,4466484.945607197,116.85887515432485,40.34883255068634
488015.146,4466484.445982009,116.85887516370683,40.3488280494476
488015.146,4466483.946356822,116.8588751730888,40.34882354820885
488015.146,4466483.446731634,116.8588751824708,40.3488190469701
488015.146,4466482.947106447,116.85887519185277,40.348814545731344
488015.146,4466482.44748126,116.85887520123475,40.34881004449258
488015.146,4466481.947856072,116.85887521061673,40.34880554325381
488015.146,4466481.448230885,116.8588752199987,40.34880104201505
488015.146,4466480.948605698,116.85887522938067,40.348796540776284
488015.146,4466480.44898051,116.85887523876262,40.34879203953751
488015.146,4466479.949355323,116.8588752481446,40.348787538298716
488015.146,4466479.4497301355,116.85887525752655,40.348783037059945
488015.146,4466478.950104948,116.85887526690853,40.348778535821154
488015.146,4466478.45047976,116.85887527629048,40.348774034582355
488015.146,4466477.9508545725,116.85887528567245,40.34876953334358
488015.146,4466477.451229385,116.8588752950544,40.34876503210478
488015.146,4466476.951604198,116.85887530443634,40.34876053086598
488015.146,4466476.45197901,116.85887531381829,40.348756029627175
488015.146,4466475.952353823,116.85887532320024,40.34875152838838
488015.146,4466475.452728636,116.85887533258219,40.34874702714957
488015.146,4466474.953103448,116.85887534196414,40.348742525910744
488015.146,4466474.453478261,116.85887535134609,40.348738024671945
488015.146,4466473.9538530735,116.85887536072802,40.348733523433125
488015.146,4466473.454227886,116.85887537010997,40.3487290221943
488015.146,4466472.954602699,116.85887537949189,40.34872452095547
488015.146,4466472.454977511,116.85887538887384,40.348720019716644
488015.146,4466471.955352324,116.85887539825576,40.3487155184778
488015.146,4466471.455727137,116.85887540763768,40.34871101723897
488015.146,4466470.956101949,116.8588754170196,40.34870651600013
488015.146,4466470.456476762,116.85887542640154,40.34870201476128
488015.146,4466469.956851575,116.85887543578346,40.34869751352243
488015.146,4466469.457226387,116.85887544516538,40.34869301228359
488015.146,4466468.9576012,116.8588754545473,40.348688511044735
488015.146,4466468.4579760125,116.85887546392922,40.34868400980587
488015.146,4466467.958350825,116.85887547331113,40.348679508567
488015.146,4466467.458725638,116.85887548269305,40.34867500732814
488015.146,4466466.95910045,116.85887549207497,40.34867050608928
488015.146,4466466.459475262,116.85887550145688,40.348666004850394
488015.146,4466465.959850075,116.85887551083877,40.34866150361152
488015.146,4466465.460224887,116.85887552022066,40.34865700237264
488015.146,4466464.9605997,116.8588755296026,40.348652501133756
488015.146,4466464.460974513,116.85887553898449,40.34864799989487
488015.146,4466463.961349325,116.8588755483664,40.34864349865598
488015.146,4466463.461724138,116.85887555774829,40.34863899741708
488015.146,4466462.9620989505,116.85887556713017,40.34863449617819
488015.146,4466462.462473763,116.85887557651206,40.348629994939294
488015.146,4466461.962848576,116.85887558589395,40.34862549370039
488015.146,4466461.463223388,116.85887559527583,40.34862099246148
488015.146,4466460.963598201,116.85887560465773,40.34861649122256
488015.146,4466460.463973014,116.8588756140396,40.34861198998365
488015.146,4466459.964347826,116.8588756234215,40.34860748874473
488015.146,4466459.464722639,116.85887563280338,40.348602987505814
488015.146,4466458.965097452,116.85887564218525,40.34859848626689
488015.146,4466458.465472264,116.85887565156712,40.34859398502796
488015.146,4466457.965847077,116.858875660949,40.348589483789034
488015.146,4466457.4662218895,116.85887567033087,40.348584982550086
488015.146,4466456.966596702,116.85887567971274,40.34858048131116
488015.146,4466456.466971515,116.85887568909459,40.34857598007222
488015.146,4466455.967346327,116.85887569847647,40.34857147883327
488015.146,4466455.46772114,116.85887570785833,40.34856697759432
488015.146,4466454.968095952,116.85887571724018,40.34856247635536
488015.146,4466454.468470764,116.85887572662206,40.34855797511641
488015.146,4466453.968845577,116.8588757360039,40.348553473877445
488015.146,4466453.46922039,116.85887574538575,40.34854897263848
488015.146,4466452.969595202,116.8588757547676,40.34854447139951
488015.146,4466452.469970015,116.85887576414945,40.34853997016053
488015.146,4466451.9703448275,116.8588757735313,40.34853546892156
488015.146,4466451.47071964,116.85887578291315,40.34853096768259
488015.146,4466450.971094453,116.85887579229498,40.34852646644361
488015.146,4466450.471469265,116.85887580167683,40.348521965204625
488015.146,4466449.971844078,116.85887581105865,40.34851746396563
488015.146,4466449.472218891,116.8588758204405,40.348512962726645
488015.146,4466448.972593703,116.85887582982235,40.348508461487654
488015.146,4466448.472968516,116.85887583920417,40.34850396024864
488015.146,4466447.973343329,116.858875848586,40.34849945900964
488015.146,4466447.473718141,116.85887585796782,40.34849495777063
488015.146,4466446.974092954,116.85887586734967,40.34849045653163
488015.146,4466446.4744677665,116.85887587673149,40.3484859552926
488015.146,4466445.974842579,116.85887588611331,40.3484814540536
488015.146,4466445.475217392,116.85887589549513,40.34847695281458
488015.146,4466444.975592204,116.85887590487692,40.34847245157555
488015.146,4466444.475967017,116.85887591425875,40.34846795033653
488015.146,4466443.97634183,116.85887592364057,40.34846344909749
488015.146,4466443.476716642,116.85887593302238,40.348458947858475
488015.146,4466442.977091454,116.8588759424042,40.34845444661942
488015.146,4466442.477466267,116.85887595178599,40.34844994538037
488015.146,4466441.977841079,116.85887596116781,40.34844544414134
488015.146,4466441.478215892,116.8588759705496,40.348440942902286
488015.146,4466440.9785907045,116.8588759799314,40.34843644166323
488015.146,4466440.478965517,116.8588759893132,40.34843194042418
488015.146,4466439.97934033,116.858875998695,40.348427439185116
488015.146,4466439.479715142,116.85887600807679,40.34842293794606
488015.146,4466438.980089955,116.85887601745858,40.34841843670699
488015.146,4466438.480464768,116.85887602684039,40.348413935467924
488015.146,4466437.98083958,116.85887603622216,40.34840943422885
488015.146,4466437.481214393,116.85887604560395,40.34840493298977
488015.146,4466436.981589206,116.85887605498573,40.34840043175069
488015.146,4466436.481964018,116.85887606436752,40.34839593051162
488015.146,4466435.982338831,116.8588760737493,40.34839142927252
488015.146,4466435.482713643,116.85887608313107,40.348386928033435
488015.146,4466434.983088456,116.85887609251286,40.348382426794345
488015.146,4466434.483463269,116.85887610189464,40.348377925555255
488015.146,4466433.983838081,116.8588761112764,40.348373424316144
488015.146,4466433.484212894,116.85887612065815,40.34836892307704
488015.146,4466432.984587707,116.85887613003992,40.34836442183793
488015.146,4466432.484962519,116.8588761394217,40.34835992059882
488015.146,4466431.985337332,116.85887614880346,40.348355419359706
488015.146,4466431.4857121445,116.85887615818521,40.34835091812059
488015.146,4466430.986086956,116.85887616756698,40.34834641688146
488015.146,4466430.486461769,116.85887617694873,40.34834191564233
488015.146,4466429.9868365815,116.85887618633049,40.348337414403204
488015.146,4466429.487211394,116.85887619571224,40.34833291316408
488015.146,4466428.987586207,116.85887620509399,40.34832841192494
488015.146,4466428.487961019,116.85887621447573,40.3483239106858
488015.146,4466427.988335832,116.85887622385748,40.34831940944665
488015.146,4466427.488710645,116.85887623323923,40.348314908207506
488015.146,4466426.989085457,116.85887624262097,40.348310406968345
488015.146,4466426.48946027,116.85887625200272,40.348305905729205
488015.146,4466425.989835083,116.85887626138444,40.34830140449004
488015.146,4466425.490209895,116.85887627076619,40.348296903250876
488015.146,4466424.990584708,116.85887628014791,40.348292402011715
488015.146,4466424.49095952,116.85887628952965,40.34828790077254
488015.146,4466423.991334333,116.85887629891137,40.348283399533386
488015.146,4466423.491709146,116.85887630829309,40.34827889829422
488015.146,4466422.992083958,116.85887631767481,40.34827439705503
488015.146,4466422.492458771,116.85887632705655,40.348269895815854
488015.146,4466421.992833584,116.85887633643827,40.34826539457667
488015.146,4466421.493208396,116.85887634581997,40.34826089333747
488015.146,4466420.993583209,116.85887635520169,40.34825639209828
488015.146,4466420.4939580215,116.85887636458341,40.34825189085909
488015.146,4466419.994332834,116.85887637396513,40.34824738961988
488015.146,4466419.494707647,116.85887638334682,40.34824288838068
488015.146,4466418.9950824585,116.85887639272855,40.34823838714147
488015.146,4466418.495457271,116.85887640211024,40.34823388590226
488015.146,4466417.995832084,116.85887641149196,40.34822938466306
488015.146,4466417.496206896,116.85887642087366,40.34822488342383
488015.146,4466416.996581709,116.85887643025535,40.34822038218461
488015.146,4466416.496956522,116.85887643963704,40.34821588094538
488015.146,4466415.997331334,116.85887644901874,40.34821137970615
488015.146,4466415.497706147,116.85887645840043,40.348206878466925
488015.146,4466414.99808096,116.85887646778214,40.348202377227686
488015.146,4466414.498455772,116.85887647716383,40.348197875988454
488015.146,4466413.998830585,116.8588764865455,40.34819337474922
488015.146,4466413.499205397,116.85887649592719,40.34818887350997
488015.146,4466412.99958021,116.85887650530886,40.348184372270715
488015.146,4466412.499955023,116.85887651469055,40.34817987103147
488015.146,4466412.000329835,116.85887652407223,40.34817536979221
488015.146,4466411.500704648,116.8588765334539,40.348170868552955
488015.146,4466411.001079461,116.85887654283559,40.348166367313695
488015.146,4466410.501454273,116.85887655221725,40.34816186607443
488015.146,4466410.001829086,116.85887656159893,40.34815736483515
488015.146,4466409.5022038985,116.8588765709806,40.348152863595885
488015.146,4466409.002578711,116.85887658036224,40.34814836235661
488015.146,4466408.502953524,116.85887658974391,40.34814386111733
488015.146,4466408.003328336,116.85887659912558,40.34813935987804
488015.146,4466407.503703149,116.85887660850723,40.34813485863875
488015.146,4466407.004077961,116.8588766178889,40.348130357399455
488015.146,4466406.504452773,116.85887662727053,40.34812585616016
488015.146,4466406.004827586,116.85887663665221,40.348121354920856
488015.146,4466405.505202399,116.85887664603385,40.34811685368156
488015.146,4466405.005577211,116.8588766554155,40.34811235244226
488015.146,4466404.505952024,116.85887666479714,40.348107851202954
488015.146,4466404.0063268365,116.85887667417879,40.348103349963644
488015.146,4466403.506701649,116.85887668356042,40.34809884872432
488015.146,4466403.007076462,116.85887669294208,40.34809434748501
488015.146,4466402.507451274,116.85887670232371,40.34808984624568
488015.146,4466402.007826087,116.85887671170534,40.34808534500635
488015.146,4466401.5082009,116.85887672108697,40.348080843767036
488015.146,4466401.008575712,116.85887673046862,40.34807634252769
488015.146,4466400.508950525,116.85887673985025,40.34807184128836
488015.146,4466400.009325338,116.85887674923185,40.34806734004901
488015.146,4466399.50970015,116.8588767586135,40.348062838809675
488015.146,4466399.010074963,116.85887676799513,40.348058337570315
488015.146,4466398.5104497755,116.85887677737674,40.348053836330976
488015.146,4466398.010824588,116.85887678675836,40.348049335091616
488015.146,4466397.511199401,116.85887679613998,40.34804483385227
488015.146,4466397.011574213,116.85887680552159,40.348040332612904
488015.146,4466396.511949026,116.85887681490318,40.348035831373544
488015.146,4466396.012323839,116.8588768242848,40.34803133013417
488015.146,4466395.51269865,116.85887683366643,40.34802682889479
488015.146,4466395.013073463,116.85887684304802,40.34802232765542
488015.146,4466394.513448276,116.85887685242963,40.34801782641605
488015.146,4466394.013823088,116.85887686181123,40.34801332517666
488015.146,4466393.514197901,116.85887687119282,40.34800882393726
488015.146,4466393.0145727135,116.85887688057441,40.34800432269789
488015.146,4466392.514947526,116.85887688995604,40.34799982145849
488015.146,4466392.015322339,116.85887689933763,40.34799532021909
488015.146,4466391.515697151,116.85887690871922,40.34799081897969
488015.146,4466391.016071964,116.85887691810079,40.34798631774029
488015.146,4466390.516446777,116.85887692748238,40.34798181650089
488015.146,4466390.016821589,116.85887693686398,40.34797731526148
488015.146,4466389.517196402,116.85887694624554,40.347972814022064
488015.146,4466389.017571215,116.85887695562714,40.34796831278265
488015.146,4466388.517946027,116.8588769650087,40.34796381154324
488015.146,4466388.01832084,116.8588769743903,40.3479593103038
488015.146,4466387.5186956525,116.85887698377186,40.34795480906437
488015.146,4466387.019070465,116.85887699315343,40.347950307824945
488015.146,4466386.519445278,116.858877002535,40.34794580658551
488015.146,4466386.01982009,116.85887701191656,40.34794130534607
488015.146,4466385.520194903,116.85887702129813,40.34793680410663
488015.146,4466385.020569716,116.85887703067971,40.347932302867186
488015.146,4466384.520944528,116.85887704006127,40.34792780162773
488015.146,4466384.021319341,116.85887704944284,40.34792330038828
488015.146,4466383.521694153,116.85887705882438,40.34791879914882
488015.146,4466383.022068965,116.85887706820594,40.34791429790935
488015.146,4466382.522443778,116.8588770775875,40.34790979666989
488015.146,4466382.0228185905,116.85887708696903,40.34790529543044
488015.146,4466381.523193403,116.8588770963506,40.347900794190956
488015.146,4466381.023568216,116.85887710573215,40.347896292951475
488015.146,4466380.523943028,116.85887711511369,40.34789179171201
488015.146,4466380.024317841,116.85887712449522,40.34788729047253
488015.146,4466379.524692654,116.85887713387677,40.34788278923304
488015.146,4466379.025067466,116.85887714325831,40.347878287993545
488015.146,4466378.525442279,116.85887715263985,40.34787378675406
488015.146,4466378.025817092,116.85887716202137,40.34786928551457
488015.146,4466377.526191904,116.85887717140291,40.34786478427507
488015.146,4466377.026566717,116.85887718078443,40.347860283035565
488015.146,4466376.5269415295,116.85887719016597,40.34785578179606
488015.146,4466376.027316342,116.85887719954749,40.34785128055655
488015.146,4466375.527691155,116.858877208929,40.34784677931704
488015.146,4466375.028065967,116.85887721831054,40.34784227807753
488015.146,4466374.52844078,116.85887722769206,40.347837776838
488015.146,4466374.028815593,116.85887723707359,40.34783327559849
488015.146,4466373.529190405,116.8588772464551,40.34782877435896
488015.146,4466373.029565218,116.85887725583662,40.34782427311943
488015.146,4466372.529940031,116.8588772652181,40.3478197718799
488015.146,4466372.030314843,116.85887727459962,40.34781527064037
488015.146,4466371.530689655,116.85887728398114,40.3478107694008
488015.146,4466371.0310644675,116.85887729336262,40.34780626816126
488015.146,4466370.53143928,116.85887730274415,40.34780176692172
488015.146,4466370.031814093,116.85887731212564,40.34779726568217
488015.146,4466369.532188905,116.85887732150712,40.347792764442616
488015.146,4466369.032563718,116.85887733088862,40.34778826320306
488015.146,4466368.532938531,116.85887734027011,40.3477837619635
488015.146,4466368.033313343,116.85887734965162,40.34777926072393
488015.146,4466367.533688156,116.85887735903309,40.34777475948435
488015.146,4466367.034062969,116.85887736841458,40.34777025824479
488015.146,4466366.534437781,116.85887737779608,40.34776575700522
488015.146,4466366.034812594,116.85887738717757,40.34776125576563
488015.146,4466365.535187406,116.85887739655904,40.34775675452605
488015.146,4466365.035562219,116.85887740594052,40.347752253286465
488015.146,4466364.535937032,116.85887741532198,40.34774775204687
488015.146,4466364.036311844,116.85887742470348,40.34774325080728
488015.146,4466363.536686657,116.85887743408495,40.34773874956768
488015.146,4466363.03706147,116.85887744346641,40.34773424832809
488015.146,4466362.537436282,116.85887745284788,40.347729747088486
488015.146,4466362.037811095,116.85887746222934,40.34772524584888
488015.146,4466361.5381859075,116.85887747161081,40.34772074460926
488015.146,4466361.03856072,116.85887748099228,40.347716243369646
488015.146,4466360.538935533,116.85887749037374,40.34771174213003
488015.146,4466360.039310345,116.85887749975521,40.347707240890415
488015.146,4466359.539685157,116.85887750913665,40.347702739650785
488015.146,4466359.04005997,116.85887751851811,40.34769823841115
488015.146,4466358.540434782,116.85887752789955,40.347693737171525
488015.146,4466358.040809595,116.85887753728102,40.34768923593188
488015.146,4466357.541184408,116.85887754666246,40.34768473469224
488015.146,4466357.04155922,116.85887755604391,40.34768023345261
488015.146,4466356.541934033,116.85887756542535,40.347675732212956
488015.146,4466356.042308846,116.85887757480678,40.347671230973305
488015.146,4466355.542683658,116.85887758418822,40.347666729733646
488015.146,4466355.043058471,116.85887759356966,40.347662228494
488015.146,4466354.543433283,116.85887760295111,40.347657727254344
488015.146,4466354.043808096,116.85887761233252,40.34765322601468
488015.146,4466353.544182909,116.85887762171396,40.34764872477502
488015.146,4466353.044557721,116.8588776310954,40.34764422353534
488015.146,4466352.544932534,116.85887764047682,40.34763972229567
488015.146,4466352.045307347,116.85887764985823,40.347635221055995
488015.146,4466351.545682159,116.85887765923967,40.347630719816316
488015.146,4466351.046056972,116.85887766862109,40.34762621857663
488015.146,4466350.5464317845,116.8588776780025,40.347621717336935
488015.146,4466350.046806597,116.85887768738391,40.34761721609725
488015.146,4466349.54718141,116.85887769676533,40.34761271485754
488015.146,4466349.047556222,116.85887770614674,40.347608213617846
488015.146,4466348.547931035,116.85887771552817,40.34760371237815
488015.146,4466348.048305848,116.85887772490955,40.34759921113844
488015.146,4466347.548680659,116.85887773429097,40.34759470989873
488015.146,4466347.049055472,116.85887774367238,40.34759020865902
488015.146,4466346.549430285,116.85887775305378,40.3475857074193
488015.146,4466346.049805097,116.85887776243516,40.34758120617958
488015.146,4466345.55017991,116.85887777181658,40.34757670493986
488015.146,4466345.050554723,116.85887778119796,40.347572203700125
488015.146,4466344.550929535,116.85887779057936,40.3475677024604
488015.146,4466344.051304348,116.85887779996074,40.34756320122066
488015.146,4466343.55167916,116.85887780934213,40.34755869998092
488015.146,4466343.052053973,116.85887781872353,40.34755419874119
488015.146,4466342.552428786,116.85887782810491,40.347549697501435
488015.146,4466342.052803598,116.85887783748628,40.34754519626169
488015.146,4466341.553178411,116.85887784686767,40.34754069502194
488015.146,4466341.053553224,116.85887785624902,40.34753619378219
488015.146,4466340.553928036,116.85887786563042,40.347531692542425
488015.146,4466340.054302849,116.85887787501179,40.34752719130266
488015.146,4466339.5546776615,116.85887788439317,40.34752269006291
488015.146,4466339.055052474,116.85887789377453,40.34751818882314
488015.146,4466338.555427287,116.8588779031559,40.34751368758337
488015.146,4466338.055802099,116.85887791253727,40.347509186343586
488015.146,4466337.556176912,116.85887792191863,40.34750468510382
488015.146,4466337.056551725,116.85887793129999,40.34750018386403
488015.146,4466336.556926537,116.85887794068135,40.347495682624235
488015.146,4466336.05730135,116.85887795006269,40.34749118138445
488015.146,4466335.557676162,116.85887795944406,40.34748668014465
488015.146,4466335.058050974,116.8588779688254,40.347482178904855
488015.146,4466334.558425787,116.85887797820676,40.347477677665054
488015.146,4466334.0588006,116.8588779875881,40.34747317642526
488015.146,4466333.559175412,116.85887799696947,40.34746867518543
488015.146,4466333.059550225,116.8588780063508,40.34746417394563
488015.146,4466332.559925037,116.85887801573215,40.34745967270581
488015.146,4466332.06029985,116.85887802511348,40.347455171465995
488015.146,4466331.560674663,116.85887803449482,40.34745067022617
488015.146,4466331.061049475,116.85887804387616,40.34744616898635
488015.146,4466330.561424288,116.8588780532575,40.34744166774652
488015.146,4466330.061799101,116.85887806263881,40.347437166506694
488015.146,4466329.562173913,116.85887807202015,40.347432665266844
488015.146,4466329.062548726,116.85887808140146,40.347428164027015
488015.146,4466328.5629235385,116.8588780907828,40.34742366278717
488015.146,4466328.063298351,116.85887810016412,40.34741916154733
488015.146,4466327.563673164,116.85887810954546,40.34741466030748
488015.146,4466327.064047976,116.85887811892677,40.34741015906762
488015.146,4466326.564422789,116.85887812830808,40.34740565782776
488015.146,4466326.064797602,116.85887813768939,40.347401156587914
488015.146,4466325.565172414,116.85887814707071,40.347396655348035
488015.146,4466325.065547227,116.85887815645202,40.34739215410818
488015.146,4466324.56592204,116.85887816583333,40.3473876528683
488015.146,4466324.066296851,116.85887817521461,40.347383151628414
488015.146,4466323.566671664,116.85887818459594,40.34737865038855
488015.146,4466323.0670464765,116.85887819397722,40.347374149148656
488015.146,4466322.567421289,116.85887820335853,40.34736964790878
488015.146,4466322.067796102,116.85887821273982,40.347365146668885
488015.146,4466321.568170914,116.85887822212113,40.347360645429
488015.146,4466321.068545727,116.85887823150242,40.34735614418909
488015.146,4466320.56892054,116.85887824088371,40.3473516429492
488015.146,4466320.069295352,116.858878250265,40.34734714170931
488015.146,4466319.569670165,116.85887825964629,40.34734264046941
488015.146,4466319.070044978,116.85887826902757,40.347338139229485
488015.146,4466318.57041979,116.85887827840887,40.34733363798957
488015.146,4466318.070794603,116.85887828779012,40.347329136749664
488015.146,4466317.5711694155,116.85887829717142,40.34732463550974
488015.146,4466317.071544228,116.85887830655267,40.347320134269815
488015.146,4466316.571919041,116.85887831593396,40.34731563302989
488015.146,4466316.072293853,116.85887832531522,40.34731113178995
488015.146,4466315.572668666,116.85887833469651,40.34730663055002
488015.146,4466315.073043479,116.85887834407778,40.34730212931009
488015.146,4466314.573418291,116.85887835345903,40.34729762807014
488015.146,4466314.073793104,116.8588783628403,40.34729312683019
488015.146,4466313.574167917,116.85887837222155,40.34728862559026
488015.146,4466313.074542729,116.85887838160282,40.347284124350296
488015.146,4466312.574917542,116.85887839098409,40.347279623110346
488015.146,4466312.0752923535,116.85887840036533,40.34727512187038
488015.146,4466311.575667166,116.85887840974658,40.34727062063042
488015.146,4466311.076041979,116.85887841912785,40.34726611939045
488015.146,4466310.576416791,116.85887842850909,40.347261618150476
488015.146,4466310.076791604,116.85887843789033,40.3472571169105
488015.146,4466309.577166417,116.85887844727158,40.347252615670534
488015.146,4466309.077541229,116.85887845665282,40.34724811443055
488015.146,4466308.577916042,116.85887846603406,40.34724361319056
488015.146,4466308.078290855,116.8588784754153,40.34723911195058
488015.146,4466307.578665667,116.85887848479653,40.347234610710586
488015.146,4466307.07904048,116.85887849417777,40.347230109470594
488015.146,4466306.5794152925,116.858878503559,40.347225608230595
488015.146,4466306.079790105,116.85887851294021,40.347221106990595
488015.146,4466305.580164918,116.85887852232145,40.347216605750596
488015.146,4466305.08053973,116.85887853170269,40.34721210451058
488015.146,4466304.580914543,116.8588785410839,40.347207603270576
488015.146,4466304.081289356,116.8588785504651,40.347203102030555
488015.146,4466303.581664168,116.85887855984635,40.34719860079054
488015.146,4466303.082038981,116.85887856922756,40.347194099550514
488015.146,4466302.582413794,116.85887857860877,40.3471895983105
488015.146,4466302.082788606,116.85887858798998,40.347185097070465
488015.146,4466301.583163419,116.85887859737119,40.34718059583043
488015.146,4466301.083538231,116.85887860675241,40.3471760945904
488015.146,4466300.583913044,116.85887861613362,40.34717159335035
488015.146,4466300.084287856,116.85887862551483,40.34716709211031
488015.146,4466299.584662668,116.85887863489602,40.34716259087026
488015.146,4466299.085037481,116.85887864427723,40.34715808963021
488015.146,4466298.585412294,116.85887865365841,40.34715358839016
488015.146,4466298.085787106,116.85887866303962,40.34714908715009
488015.146,4466297.586161919,116.85887867242081,40.34714458591004
488015.146,4466297.086536732,116.858878681802,40.347140084669974
488015.146,4466296.586911544,116.85887869118318,40.347135583429896
488015.146,4466296.087286357,116.85887870056436,40.347131082189826
488015.146,4466295.5876611695,116.85887870994556,40.34712658094977
488015.146,4466295.088035982,116.85887871932674,40.34712207970969
488015.146,4466294.588410795,116.85887872870792,40.34711757846959
488015.146,4466294.088785607,116.85887873808912,40.347113077229515
488015.146,4466293.58916042,116.85887874747027,40.34710857598942
488015.146,4466293.089535233,116.85887875685145,40.34710407474933
488015.146,4466292.589910045,116.85887876623262,40.34709957350924
488015.146,4466292.090284858,116.8588787756138,40.347095072269134
488015.146,4466291.5906596705,116.85887878499497,40.34709057102904
488015.146,4466291.091034483,116.85887879437612,40.34708606978892
488015.146,4466290.591409296,116.85887880375729,40.34708156854881
488015.146,4466290.091784108,116.85887881313847,40.34707706730871
488015.146,4466289.592158921,116.85887882251963,40.34707256606858
488015.146,4466289.092533734,116.85887883190077,40.34706806482846
488015.146,4466288.592908546,116.85887884128192,40.34706356358836
488015.146,4466288.093283358,116.85887885066309,40.34705906234821
488015.146,4466287.593658171,116.85887886004424,40.347054561108074
488015.146,4466287.094032983,116.85887886942538,40.34705005986794
488015.146,4466286.594407796,116.85887887880655,40.3470455586278
488015.146,4466286.094782609,116.85887888818768,40.34704105738767
488015.146,4466285.595157421,116.85887889756881,40.34703655614752
488015.146,4466285.095532234,116.85887890694997,40.347032054907366
488015.146,4466284.595907046,116.85887891633111,40.347027553667225
488015.146,4466284.096281859,116.85887892571225,40.34702305242706
488015.146,4466283.596656672,116.85887893509339,40.3470185511869
488015.146,4466283.097031484,116.85887894447451,40.34701404994674
488015.146,4466282.597406297,116.85887895385562,40.34700954870657
488015.146,4466282.09778111,116.85887896323676,40.347005047466396
488015.146,4466281.598155922,116.8588789726179,40.347000546226234
488015.146,4466281.098530735,116.858878981999,40.34699604498606
488015.146,4466280.5989055475,116.85887899138014,40.34699154374588
488015.146,4466280.09928036,116.85887900076125,40.346987042505695
488015.146,4466279.599655173,116.85887901014239,40.346982541265504
488015.146,4466279.100029985,116.8588790195235,40.34697804002531
488015.146,4466278.600404798,116.85887902890461,40.34697353878512
488015.146,4466278.100779611,116.8588790382857,40.346969037544916
488015.146,4466277.601154423,116.85887904766682,40.34696453630472
488015.146,4466277.101529236,116.85887905704793,40.34696003506452
488015.146,4466276.601904049,116.85887906642904,40.3469555338243
488015.146,4466276.10227886,116.85887907581012,40.34695103258409
488015.146,4466275.602653673,116.85887908519123,40.346946531343875
488015.146,4466275.103028486,116.85887909457234,40.346942030103655
488015.146,4466274.603403298,116.85887910395343,40.34693752886343
488015.146,4466274.103778111,116.85887911333454,40.34693302762321
488015.146,4466273.604152923,116.85887912271562,40.346928526382975
488015.146,4466273.104527736,116.8588791320967,40.34692402514275
488015.146,4466272.604902549,116.85887914147779,40.3469195239025
488015.146,4466272.105277361,116.85887915085888,40.34691502266227
488015.146,4466271.605652174,116.85887916023997,40.346910521422025
488015.146,4466271.106026987,116.85887916962105,40.34690602018177
488015.146,4466270.606401799,116.85887917900213,40.34690151894152
488015.146,4466270.106776612,116.85887918838321,40.34689701770128
488015.146,4466269.6071514245,116.85887919776427,40.34689251646102
488015.146,4466269.107526237,116.85887920714535,40.346888015220756
488015.146,4466268.60790105,116.85887921652642,40.346883513980494
488015.146,4466268.108275862,116.8588792259075,40.34687901274023
488015.146,4466267.608650675,116.85887923528855,40.346874511499955
488015.146,4466267.109025488,116.85887924466962,40.34687001025968
488015.146,4466266.6094003,116.8588792540507,40.346865509019395
488015.146,4466266.109775113,116.85887926343176,40.34686100777912
488015.146,4466265.610149926,116.85887927281281,40.34685650653882
488015.146,4466265.110524738,116.85887928219385,40.346852005298544
488015.146,4466264.61089955,116.85887929157491,40.34684750405824
488015.146,4466264.111274363,116.85887930095598,40.34684300281794
488015.146,4466263.611649175,116.85887931033703,40.34683850157764
488015.146,4466263.112023988,116.85887931971806,40.346834000337346
488015.146,4466262.6123988,116.85887932909912,40.34682949909703
488015.146,4466262.112773613,116.85887933848015,40.34682499785673
488015.146,4466261.613148426,116.85887934786119,40.3468204966164
488015.146,4466261.113523238,116.85887935724224,40.3468159953761
488015.146,4466260.613898051,116.85887936662328,40.34681149413577
488015.146,4466260.114272864,116.85887937600431,40.346806992895445
488015.146,4466259.614647676,116.85887938538535,40.34680249165512
488015.146,4466259.115022489,116.85887939476638,40.346797990414785
488015.146,4466258.6153973015,116.85887940414742,40.346793489174445
488015.146,4466258.115772114,116.85887941352841,40.34678898793412
488015.146,4466257.616146927,116.85887942290945,40.34678448669377
488015.146,4466257.116521739,116.8588794322905,40.34677998545342
488015.146,4466256.616896552,116.85887944167149,40.34677548421307
488015.146,4466256.117271365,116.85887945105253,40.34677098297272
488015.146,4466255.617646177,116.85887946043354,40.34676648173237
488015.146,4466255.11802099,116.85887946981454,40.34676198049201
488015.146,4466254.618395803,116.85887947919555,40.34675747925164
488015.146,4466254.118770615,116.85887948857656,40.34675297801129
488015.146,4466253.619145428,116.85887949795757,40.34674847677092
488015.146,4466253.11952024,116.85887950733857,40.346743975530536
488015.146,4466252.619895052,116.85887951671958,40.34673947429015
488015.146,4466252.120269865,116.8588795261006,40.34673497304976
488015.146,4466251.620644677,116.85887953548158,40.34673047180938
488015.146,4466251.12101949,116.85887954486257,40.346725970569
488015.146,4466250.621394303,116.85887955424359,40.346721469328614
488015.146,4466250.121769115,116.85887956362457,40.346716968088224
488015.146,4466249.622143928,116.85887957300555,40.34671246684782
488015.146,4466249.122518741,116.85887958238656,40.346707965607415
488015.146,4466248.622893553,116.85887959176755,40.34670346436702
488015.146,4466248.123268366,116.85887960114853,40.346698963126606
488015.146,4466247.6236431785,116.85887961052951,40.34669446188619
488015.146,4466247.124017991,116.8588796199105,40.34668996064578
488015.146,4466246.624392804,116.85887962929145,40.34668545940536
488015.146,4466246.124767616,116.85887963867243,40.34668095816493
488015.146,4466245.625142429,116.85887964805342,40.346676456924506
488015.146,4466245.125517242,116.85887965743437,40.34667195568408
488015.146,4466244.625892054,116.85887966681535,40.34666745444364
488015.146,4466244.126266867,116.85887967619631,40.34666295320321
488015.146,4466243.62664168,116.85887968557729,40.34665845196275
488015.146,4466243.127016492,116.85887969495825,40.34665395072232
488015.146,4466242.627391305,116.8588797043392,40.346649449481866
488015.146,4466242.127766117,116.85887971372016,40.34664494824142
488015.146,4466241.62814093,116.85887972310113,40.346640447000965
488015.146,4466241.128515743,116.85887973248208,40.34663594576052
488015.146,4466240.628890554,116.85887974186303,40.34663144452004
488015.146,4466240.129265367,116.85887975124399,40.346626943279574
488015.146,4466239.62964018,116.85887976062492,40.346622442039106
488015.146,4466239.130014992,116.85887977000588,40.34661794079863
488015.146,4466238.630389805,116.85887977938681,40.34661343955817
488015.146,4466238.130764618,116.85887978876777,40.34660893831768
488015.146,4466237.63113943,116.8588797981487,40.3466044370772
488015.146,4466237.131514243,116.85887980752963,40.346599935836714
488015.146,4466236.6318890555,116.85887981691059,40.34659543459621
488015.146,4466236.132263868,116.85887982629151,40.34659093335573
488015.146,4466235.632638681,116.85887983567245,40.346586432115224
488015.146,4466235.133013493,116.85887984505338,40.346581930874734
488015.146,4466234.633388306,116.85887985443429,40.34657742963423
488015.146,4466234.133763119,116.85887986381522,40.34657292839372
488015.146,4466233.634137931,116.85887987319616,40.34656842715321
488015.146,4466233.134512744,116.85887988257706,40.346563925912704
488015.146,4466232.634887557,116.85887989195798,40.346559424672186
488015.146,4466232.135262369,116.8588799013389,40.34655492343166
488015.146,4466231.635637182,116.85887991071982,40.34655042219114
488015.146,4466231.136011994,116.85887992010073,40.346545920950604
488015.146,4466230.636386807,116.85887992948165,40.34654141971008
488015.146,4466230.13676162,116.85887993886254,40.34653691846954
488015.146,4466229.637136432,116.85887994824346,40.346532417229
488015.146,4466229.137511245,116.85887995762435,40.34652791598846
488015.146,4466228.637886057,116.85887996700527,40.3465234147479
488015.146,4466228.138260869,116.85887997638616,40.34651891350736
488015.146,4466227.638635682,116.85887998576705,40.3465144122668
488015.146,4466227.139010495,116.85887999514796,40.346509911026246
488015.146,4466226.639385307,116.85888000452884,40.346505409785685
488015.146,4466226.13976012,116.85888001390974,40.346500908545124
488015.146,4466225.6401349325,116.85888002329062,40.346496407304556
488015.146,4466225.140509745,116.85888003267151,40.34649190606398
488015.146,4466224.640884558,116.8588800420524,40.346487404823414
488015.146,4466224.14125937,116.85888005143329,40.34648290358283
488015.146,4466223.641634183,116.85888006081417,40.34647840234225
488015.146,4466223.142008996,116.85888007019506,40.34647390110167
488015.146,4466222.642383808,116.85888007957591,40.34646939986108
488015.146,4466222.142758621,116.8588800889568,40.34646489862049
488015.146,4466221.643133434,116.85888009833766,40.34646039737989
488015.146,4466221.143508246,116.85888010771852,40.34645589613928
488015.146,4466220.643883059,116.8588801170994,40.346451394898686
488015.146,4466220.144257871,116.85888012648026,40.34644689365809
488015.146,4466219.644632684,116.85888013586114,40.34644239241747
488015.146,4466219.145007497,116.858880145242,40.34643789117687
488015.146,4466218.645382309,116.85888015462285,40.34643338993625
488015.146,4466218.145757122,116.85888016400371,40.346428888695634
488015.146,4466217.646131935,116.85888017338456,40.346424387455
488015.146,4466217.146506747,116.85888018276542,40.34641988621438
488015.146,4466216.646881559,116.85888019214627,40.34641538497373
488015.146,4466216.147256372,116.85888020152713,40.346410883733114
488015.146,4466215.647631184,116.85888021090796,40.34640638249247
488015.146,4466215.148005997,116.85888022028881,40.346401881251836
488015.146,4466214.648380809,116.85888022966967,40.34639738001119
488015.146,4466214.148755622,116.85888023905049,40.34639287877054
488015.146,4466213.649130435,116.85888024843133,40.3463883775299
488015.146,4466213.149505247,116.85888025781219,40.34638387628924
488015.146,4466212.64988006,116.85888026719302,40.34637937504857
488015.146,4466212.150254873,116.85888027657384,40.34637487380792
488015.146,4466211.650629685,116.85888028595467,40.34637037256724
488015.146,4466211.151004498,116.8588802953355,40.346365871326576
488015.146,4466210.6513793105,116.85888030471634,40.34636137008591
488015.146,4466210.151754123,116.85888031409714,40.34635686884523
488015.146,4466209.652128936,116.85888032347796,40.34635236760455
488015.146,4466209.152503748,116.85888033285879,40.346347866363864
488015.146,4466208.652878561,116.8588803422396,40.346343365123175
488015.146,4466208.153253374,116.85888035162043,40.34633886388249
488015.146,4466207.653628186,116.85888036100123,40.3463343626418
488015.146,4466207.154002999,116.85888037038204,40.346329861401095
488015.146,4466206.654377812,116.85888037976284,40.3463253601604
488015.146,4466206.154752624,116.85888038914365,40.3463208589197
488015.146,4466205.655127437,116.85888039852448,40.34631635767897
488015.146,4466205.1555022495,116.85888040790526,40.34631185643828
488015.146,4466204.655877061,116.85888041728606,40.34630735519755
488015.146,4466204.156251874,116.85888042666686,40.346302853956836
488015.146,4466203.656626686,116.85888043604767,40.34629835271611
488015.146,4466203.157001499,116.85888044542844,40.346293851475394
488015.146,4466202.657376312,116.85888045480925,40.34628935023466
488015.146,4466202.157751124,116.85888046419002,40.346284848993925
488015.146,4466201.658125937,116.85888047357084,40.346280347753186
488015.146,4466201.15850075,116.85888048295162,40.34627584651246
488015.146,4466200.658875562,116.85888049233239,40.34627134527171
488015.146,4466200.159250375,116.85888050171317,40.346266844030964
488015.146,4466199.6596251875,116.85888051109394,40.34626234279022
488015.146,4466199.16,116.85888052047473,40.346257841549466
